3
1
0 1 0
8
1 0 0
0 1 0
1 0 1
0 0 0
1 0 1
0 1 0
1 0 0
0 0 1
5
0 0 0
1 1 0
0 0 0
0 1 1
1 0 0

5
3
0 0 1
1 1 0
0 0 0
7
1 0 1
0 0 1
1 1 0
0 0 0
1 1 0
0 1 0
0 0 1
2
0 0 0
1 0 1
9
1 0 0
0 1 0
1 1 1
0 0 0
0 1 1
1 0 0
0 1 0
0 0 0
1 1 0
4
1 0 1
0 1 0
1 0 1
0 0 0

2
10
0 1 0
1 0 1
0 1 0
1 0 1
0 0 0
1 1 0
0 0 0
1 0 1
0 1 0
0 0 0
2
0 0 0
0 0 0

2
100
0 0 1
1 0 0
0 1 0
1 0 1
0 0 0
1 1 1
0 0 1
1 0 0
0 1 0
1 0 1
0 0 0
1 0 1
0 1 0
1 1 1
0 0 0
1 0 1
0 1 0
1 0 1
0 1 1
1 0 0
0 0 1
1 0 0
0 1 0
1 0 1
0 0 0
1 1 1
0 0 1
1 0 0
0 1 0
1 0 1
0 0 0
1 0 1
0 1 0
1 1 1
0 0 0
1 0 1
0 1 0
1 0 1
0 1 1
1 0 0
0 0 1
1 0 0
0 1 0
1 0 1
0 0 0
1 1 1
0 0 1
1 0 0
0 1 0
1 0 1
0 0 0
1 0 1
0 1 0
1 1 1
0 0 0
1 0 1
0 1 0
1 0 1
0 1 1
1 0 0
0 0 1
1 0 0
0 1 0
1 0 1
0 0 0
1 1 1
0 0 1
1 0 0
0 1 0
1 0 1
0 0 0
1 0 1
0 1 0
1 1 1
0 0 0
1 0 1
0 1 0
1 0 1
0 1 1
1 0 0
0 0 1
1 0 0
0 1 0
1 0 1
0 0 0
1 1 1
0 0 1
1 0 0
0 1 0
1 0 1
0 0 0
1 0 1
0 1 0
1 1 1
0 0 0
2
0 0 0
0 0 0

3
7
1 1 0
0 0 1
1 1 0
0 0 0
1 0 1
0 1 0
1 0 1
6
0 0 1
1 1 0
0 0 0
1 0 1
0 1 1
1 0 0
9
0 0 0
1 1 0
0 0 1
0 1 0
1 1 1
0 0 1
1 0 0
0 0 0
1 0 1

2
8
0 1 0
1 0 1
0 1 0
1 0 1
0 0 0
1 1 1
0 0 1
1 0 0
5
1 1 1
0 0 0
1 1 0
0 0 0
1 0 1

2
100
0 0 0
0 1 0
0 0 0
0 1 0
0 0 0
0 1 0
0 0 0
0 1 0
0 0 0
0 1 0
0 0 0
0 1 0
0 0 0
0 1 0
0 0 0
0 1 0
0 0 0
0 1 0
0 0 0
0 1 0
0 0 0
0 1 0
0 0 0
0 1 0
0 0 0
0 1 0
0 0 0
0 1 0
0 0 0
0 1 0
0 0 0
0 1 0
0 0 0
0 1 0
0 0 0
0 1 0
0 0 0
0 1 0
0 0 0
0 1 0
0 0 0
0 1 0
0 0 0
0 1 0
0 0 0
0 1 0
0 0 0
0 1 0
0 0 0
0 1 0
0 0 0
0 1 0
0 0 0
0 1 0
0 0 0
0 1 0
0 0 0
0 1 0
0 0 0
0 1 0
0 0 0
0 1 0
0 0 0
0 1 0
0 0 0
0 1 0
0 0 0
0 1 0
0 0 0
0 1 0
0 0 0
0 1 0
0 0 0
0 1 0
0 0 0
0 1 0
0 0 0
0 1 0
0 0 0
0 1 0
0 0 0
0 1 0
0 0 0
0 1 0
0 0 0
0 1 0
0 0 0
0 1 0
0 0 0
0 1 0
0 0 0
0 1 0
0 0 0
0 1 0
0 0 0
0 1 0
0 0 0
0 1 0
0 0 0
0 1 0
2
0 0 0
0 0 0

2
100
1 1 1
1 1 1
1 1 1
1 1 1
1 1 1
1 1 1
1 1 1
1 1 1
1 1 1
1 1 1
1 1 1
1 1 1
1 1 1
1 1 1
1 1 1
1 1 1
1 1 1
1 1 1
1 1 1
1 1 1
1 1 1
1 1 1
1 1 1
1 1 1
1 1 1
1 1 1
1 1 1
1 1 1
1 1 1
1 1 1
1 1 1
1 1 1
1 1 1
1 1 1
1 1 1
1 1 1
1 1 1
1 1 1
1 1 1
1 1 1
1 1 1
1 1 1
1 1 1
1 1 1
1 1 1
1 1 1
1 1 1
1 1 1
1 1 1
1 1 1
1 1 1
1 1 1
1 1 1
1 1 1
1 1 1
1 1 1
1 1 1
1 1 1
1 1 1
1 1 1
1 1 1
1 1 1
1 1 1
1 1 1
1 1 1
1 1 1
1 1 1
1 1 1
1 1 1
1 1 1
1 1 1
1 1 1
1 1 1
1 1 1
1 1 1
1 1 1
1 1 1
1 1 1
1 1 1
1 1 1
1 1 1
1 1 1
1 1 1
1 1 1
1 1 1
1 1 1
1 1 1
1 1 1
1 1 1
1 1 1
1 1 1
1 1 1
1 1 1
1 1 1
1 1 1
1 1 1
1 1 1
1 1 1
1 1 1
1 0 1
2
1 1 1
0 0 0

2
100
0 0 0
0 0 0
0 0 0
0 0 0
0 0 0
0 0 0
0 0 0
0 0 0
0 0 0
0 0 0
0 0 0
0 0 0
0 0 0
0 0 0
0 0 0
0 0 0
0 0 0
0 0 0
0 0 0
0 0 0
0 0 0
0 0 0
0 0 0
0 0 0
0 0 0
0 0 0
0 0 0
0 0 0
0 0 0
0 0 0
0 0 0
0 0 0
0 0 0
0 0 0
0 0 0
0 0 0
0 0 0
0 0 0
0 0 0
0 0 0
0 0 0
0 0 0
0 0 0
0 0 0
0 0 0
0 0 0
0 0 0
0 0 0
0 0 0
0 0 0
0 0 0
0 0 0
0 0 0
0 0 0
0 0 0
0 0 0
0 0 0
0 0 0
0 0 0
0 0 0
0 0 0
0 0 0
0 0 0
0 0 0
0 0 0
0 0 0
0 0 0
0 0 0
0 0 0
0 0 0
0 0 0
0 0 0
0 0 0
0 0 0
0 0 0
0 0 0
0 0 0
0 0 0
0 0 0
0 0 0
0 0 0
0 0 0
0 0 0
0 0 0
0 0 0
0 0 0
0 0 0
0 0 0
0 0 0
0 0 0
0 0 0
0 0 0
0 0 0
0 0 0
0 0 0
0 0 0
0 0 0
0 0 0
0 0 0
0 0 0
2
0 0 0
0 0 0

2
15
1 1 1
1 0 1
1 1 0
1 0 1
1 1 0
1 0 1
1 1 0
1 0 1
1 1 0
1 0 1
1 1 0
1 0 1
1 1 0
1 0 1
0 1 0
2
0 0 0
0 0 0

2
20
1 1 1
1 1 1
1 1 1
1 1 1
1 1 1
1 1 1
1 1 1
1 1 1
1 1 1
1 1 1
1 1 1
1 1 1
1 1 1
1 1 1
1 1 1
1 1 1
1 1 1
1 1 1
1 1 1
0 1 0
3
1 0 1
0 0 0
1 0 1

2
100
1 0 1
0 0 1
1 0 0
0 0 0
0 1 0
0 1 1
0 1 0
0 1 0
0 1 0
0 1 0
0 1 0
0 1 0
0 1 0
0 0 0
1 0 0
0 1 0
1 1 0
0 0 0 
1 0 1
1 0 1
1 0 1
0 0 1
1 0 0
0 0 0
0 1 0
0 1 1
0 1 0
0 1 0
0 1 0
0 1 0
0 1 0
0 1 0
0 1 0
0 0 0
1 0 0
0 1 0
1 1 0
0 0 0 
1 0 1
1 0 1
1 0 1
0 0 1
1 0 0
0 0 0
0 1 0
0 1 1
0 1 0
0 1 0
0 1 0
0 1 0
0 1 0
0 1 0
0 1 0
0 0 0
1 0 0
0 1 0
1 1 0
0 0 0 
1 0 1
1 0 1
1 0 1
0 0 1
1 0 0
0 0 0
0 1 0
0 1 1
0 1 0
0 1 0
0 1 0
0 1 0
0 1 0
0 1 0
0 1 0
0 0 0
1 0 0
0 1 0
1 1 0
0 0 0 
1 0 1
1 0 1
1 0 1
0 0 1
1 0 0
0 0 0
0 1 0
0 1 1
0 1 0
0 1 0
0 1 0
0 1 0
0 1 0
0 1 0
0 1 0
0 0 0
1 0 0
0 1 0
1 1 0
0 0 0 
1 0 1
1 0 1
2
1 1 0
1 0 1